# path F-arpeg-FMaj-060BPM-stac-lined.mid
@resolution 960
@format "#o #d #p"
@track 1 Pista 1
1.048958 0.582292 349.228231
1.931250 0.580208 440.000000
2.813542 0.619792 523.251131
3.788542 0.583333 698.456463
4.625000 0.152083 440.000000
4.779167 0.418750 880.000000
5.600000 0.492708 1046.502261
6.529167 0.366667 1396.912926
7.364583 0.385417 1046.502261
8.107292 0.439583 880.000000
8.943750 0.447917 698.456463
9.780208 0.469792 523.251131
10.847917 0.413542 440.000000
11.869792 0.546875 349.228231
@track 2 Pista 2
