# path scale-AbMaj-060BPM-ten-lined.mid
@resolution 960
@format "#o #d #p"
@track 1 Pista 1
0.231250 0.882292 415.304698
1.114583 0.975000 466.163762
2.089583 0.975000 523.251131
3.064583 0.935417 554.365262
4.086458 0.869792 622.253967
5.061458 0.865625 698.456463
5.990625 1.035417 783.990872
7.093750 0.546875 830.609395
8.080208 0.975000 830.609395
9.056250 0.973958 783.990872
10.030208 0.843750 698.456463
10.959375 0.925000 622.253967
11.884375 0.931250 554.365262
12.816667 1.068750 523.251131
13.885417 0.975000 466.163762
14.860417 1.368750 415.304698
@track 2 Pista 2
