# path scale-fill-treble1-120BPM-ten-lined.mid
@resolution 960
@format "#o #d #p"
@track 1 Pista 1
0.463542 0.416667 932.327523
0.928125 0.383333 1108.730524
1.392708 0.451042 1318.510228
1.903125 0.510417 1396.912926
2.414583 0.463542 1479.977691
2.878125 0.466667 1567.981744
3.389583 0.243750 1661.218790
4.411458 0.443750 1661.218790
4.922917 0.466667 1567.981744
5.423958 0.488542 1479.977691
5.926042 0.411458 1396.912926
6.408333 0.440625 1318.510228
6.919792 0.440625 1108.730524
7.429167 0.303125 932.327523
@track 2 Pista 2
