# path scale-fill-treble1-60BPM-stac-lined.mid
@resolution 960
@format "#o #d #p"
@track 1 Pista 1
0.603125 0.173958 932.327523
1.532292 0.137500 1108.730524
2.460417 0.175000 1318.510228
3.389583 0.177083 1396.912926
4.364583 0.148958 1479.977691
5.386458 0.188542 1567.981744
6.408333 0.191667 1661.218790
8.590625 0.159375 1661.218790
9.519792 0.209375 1567.981744
10.448958 0.168750 1479.977691
11.377083 0.188542 1396.912926
12.398958 0.150000 1318.510228
13.375000 0.125000 1108.730524
14.442708 0.115625 932.327523
@track 2 Pista 2
