# path scale-GMaj-120BPM-stac-lined.mid
@resolution 960
@format "#o #d #p"
@track 1 Pista 1
0.556250 0.306250 391.995436
1.021875 0.257292 440.000000
1.532292 0.239583 493.883301
2.089583 0.225000 523.251131
2.600000 0.197917 587.329536
3.018750 0.265625 659.255114
3.575000 0.192708 739.988845
4.086458 0.163542 783.990872
4.597917 0.220833 783.990872
5.107292 0.198958 739.988845
5.572917 0.222917 659.255114
6.083333 0.228125 587.329536
6.547917 0.237500 523.251131
7.058333 0.216667 493.883301
7.569792 0.207292 440.000000
8.080208 0.264583 391.995436
@track 2 Pista 2
