# path scale-EMaj-120BPM-stac-lined.mid
@resolution 960
@format "#o #d #p"
@track 1 Pista 1
0.650000 0.308333 329.627557
1.160417 0.248958 369.994423
1.578125 0.270833 415.304698
2.089583 0.223958 440.000000
2.553125 0.231250 493.883301
3.064583 0.185417 554.365262
3.575000 0.184375 622.253967
4.039583 0.166667 659.255114
4.550000 0.183333 659.255114
5.061458 0.188542 622.253967
5.479167 0.203125 554.365262
5.990625 0.195833 493.883301
6.501042 0.189583 440.000000
6.965625 0.221875 415.304698
7.476042 0.217708 369.994423
7.940625 0.252083 329.627557
@track 2 Pista 2
