# path scale-CMaj-060BPM-leg-lined.mid
@resolution 960
@format "#o #d #p"
@track 1 Pista 1
0.881250 1.021875 523.251131
1.903125 0.971875 587.329536
2.875000 0.973958 659.255114
3.850000 1.075000 698.456463
4.925000 0.925000 783.990872
5.850000 1.021875 880.000000
6.872917 1.107292 987.766603
7.980208 0.491667 1046.502261
9.101042 1.021875 1046.502261
10.123958 0.881250 987.766603
11.005208 0.882292 880.000000
11.888542 1.020833 783.990872
12.909375 0.975000 698.456463
13.885417 1.020833 659.255114
14.906250 1.067708 587.329536
15.975000 0.808333 523.251131
@track 2 Pista 2
