# path scale-fill-treble1-90BPM-ten-lined.mid
@resolution 960
@format "#o #d #p"
@track 1 Pista 1
0.325000 0.627083 932.327523
1.021875 0.564583 1108.730524
1.671875 0.527083 1318.510228
2.275000 0.650000 1396.912926
2.925000 0.602083 1479.977691
3.528125 0.696875 1567.981744
4.225000 0.468750 1661.218790
5.618750 0.568750 1661.218790
6.268750 0.650000 1567.981744
6.919792 0.650000 1479.977691
7.569792 0.650000 1396.912926
8.219792 0.598958 1318.510228
8.869792 0.630208 1108.730524
9.566667 0.475000 932.327523
@track 2 Pista 2
