# path scale-EMaj-060BPM-leg-lined.mid
@resolution 960
@format "#o #d #p"
@track 1 Pista 1
0.975000 1.021875 329.627557
1.996875 0.835417 369.994423
2.832292 0.928125 415.304698
3.761458 0.881250 440.000000
4.643750 0.835417 493.883301
5.479167 0.975000 554.365262
6.454167 1.259375 622.253967
7.714583 0.380208 659.255114
8.823958 0.927083 659.255114
9.751042 0.928125 622.253967
10.680208 0.975000 554.365262
11.655208 0.882292 493.883301
12.538542 0.975000 440.000000
13.513542 1.021875 415.304698
14.535417 1.113542 369.994423
15.650000 0.520833 329.627557
@track 2 Pista 2
