# path scale-fill-treble1-60BPM-leg-lined.mid
@resolution 960
@format "#o #d #p"
@track 1 Pista 1
0.510417 0.928125 932.327523
1.439583 0.927083 1108.730524
2.367708 0.882292 1318.510228
3.250000 1.020833 1479.977691
4.271875 1.021875 1567.981744
5.293750 1.067708 1661.218790
6.361458 0.560417 1760.000000
8.451042 0.943750 1760.000000
9.395833 1.015625 1661.218790
10.411458 0.918750 1567.981744
11.330208 0.951042 1479.977691
12.282292 0.951042 1396.912926
13.234375 1.114583 1108.730524
14.350000 0.565625 932.327523
@track 2 Pista 2
