# path scale-GMaj-060BPM-leg-lined.mid
@resolution 960
@format "#o #d #p"
@track 1 Pista 1
1.114583 1.020833 391.995436
2.135417 0.882292 440.000000
3.018750 1.113542 493.883301
4.132292 0.975000 523.251131
5.107292 0.975000 587.329536
6.083333 1.063542 659.255114
7.147917 0.983333 739.988845
8.131250 0.501042 783.990872
9.148958 0.906250 783.990872
10.055208 0.996875 739.988845
11.052083 0.927083 659.255114
11.980208 0.975000 587.329536
12.956250 1.018750 523.251131
13.975000 0.977083 493.883301
14.953125 1.067708 440.000000
16.021875 0.866667 391.995436
@track 2 Pista 2
