# path scale-AbMaj-060BPM-stac-lined.mid
@resolution 960
@format "#o #d #p"
@track 1 Pista 1
1.067708 0.372917 415.304698
1.950000 0.334375 466.163762
2.971875 0.245833 523.251131
3.946875 0.270833 554.365262
4.968750 0.281250 622.253967
5.990625 0.218750 698.456463
6.965625 0.185417 783.990872
7.847917 0.258333 830.609395
8.823958 0.223958 830.609395
9.751042 0.171875 783.990872
10.587500 0.208333 698.456463
11.516667 0.171875 622.253967
12.306250 0.255208 554.365262
13.188542 0.219792 523.251131
14.025000 0.267708 466.163762
14.860417 0.283333 415.304698
@track 2 Pista 2
