# path scale-chromatic-leg-lined.mid
@resolution 960
@format "#o #d #p"
@track 1 Pista 1
0.410417 0.603125 261.625565
1.014583 0.927083 277.182631
1.942708 0.835417 293.664768
2.778125 0.928125 311.126984
3.707292 0.975000 329.627557
4.682292 0.928125 349.228231
5.611458 1.693750 369.994423
7.330208 1.230208 415.304698
8.583333 0.835417 440.000000
9.418750 0.831250 466.163762
10.255208 0.925000 493.883301
11.184375 0.923958 523.251131
12.113542 0.923958 554.365262
13.042708 1.108333 587.329536
14.156250 0.739583 622.253967
14.898958 0.882292 659.255114
15.782292 0.925000 698.456463
16.710417 0.926042 739.988845
17.639583 0.428125 783.990872
18.939583 0.416667 415.304698
19.357292 0.557292 830.609395
19.915625 0.835417 880.000000
20.751042 0.835417 932.327523
21.587500 0.972917 987.766603
22.562500 0.407292 1046.502261
23.722917 1.017708 1046.502261
24.743750 0.835417 987.766603
25.580208 0.835417 932.327523
26.416667 0.882292 880.000000
27.298958 0.881250 830.609395
28.181250 0.879167 783.990872
29.063542 0.928125 739.988845
29.992708 0.497917 698.456463
31.107292 0.922917 659.255114
32.036458 0.922917 622.253967
32.964583 0.833333 587.329536
33.803125 0.403125 554.365262
34.271875 0.445833 554.365262
34.729167 0.881250 523.251131
35.611458 0.928125 493.883301
36.540625 0.975000 466.163762
37.515625 0.437500 440.000000
38.491667 1.020833 415.304698
39.500000 0.928125 391.995436
40.441667 0.928125 369.994423
41.369792 0.975000 349.228231
42.344792 0.928125 329.627557
43.273958 0.621875 311.126984
44.435417 0.928125 293.664768
45.364583 0.928125 277.182631
46.292708 0.957292 261.625565
@track 2 Pista 2
