# path scale-chromatic-8octaves-leg-lined.mid
@resolution 960
@format "#o #d #p"
@track 1 Pista 1
0.742708 0.510417 261.625565
1.253125 0.613542 523.251131
1.950000 0.557292 277.182631
2.507292 0.602083 554.365262
3.110417 0.429167 293.664768
3.540625 0.531250 587.329536
4.132292 0.510417 311.126984
4.643750 0.510417 622.253967
5.154167 0.553125 329.627557
5.708333 0.481250 659.255114
6.268750 0.557292 349.228231
6.826042 0.273958 698.456463
7.522917 0.602083 369.994423
8.125000 0.511458 739.988845
8.637500 0.509375 391.995436
9.147917 0.511458 783.990872
9.659375 0.463542 415.304698
10.123958 0.463542 830.609395
10.587500 0.464583 440.000000
11.052083 0.463542 880.000000
11.516667 0.417708 466.163762
11.934375 0.463542 932.327523
12.398958 0.510417 523.251131
12.909375 0.680208 1046.502261
15.000000 0.510417 1046.502261
15.510417 0.463542 523.251131
15.975000 0.510417 932.327523
16.485417 0.417708 466.163762
16.903125 0.510417 880.000000
17.414583 0.463542 440.000000
17.878125 0.461458 830.609395
18.389583 0.464583 415.304698
18.854167 0.509375 783.990872
19.364583 0.417708 391.995436
19.782292 0.484375 739.988845
@track 2 
