# path scale-EMaj-120BPM-ten-lined.mid
@resolution 960
@format "#o #d #p"
@track 1 Pista 1
0.278125 0.463542 329.627557
0.742708 0.463542 369.994423
1.206250 0.464583 415.304698
1.671875 0.463542 440.000000
2.135417 0.464583 493.883301
2.600000 0.556250 554.365262
3.157292 0.510417 622.253967
3.668750 0.207292 659.255114
4.132292 0.510417 659.255114
4.643750 0.463542 622.253967
5.107292 0.525000 554.365262
5.633333 0.450000 493.883301
6.083333 0.565625 440.000000
6.650000 0.453125 415.304698
7.103125 0.436458 369.994423
7.615625 0.393750 329.627557
@track 2 Pista 2
