# path scale-CMaj-090BPM-ten-lined.mid
@resolution 960
@format "#o #d #p"
@track 1 Pista 1
0.650000 0.696875 523.251131
1.346875 0.602083 587.329536
1.950000 0.650000 659.255114
2.600000 0.650000 698.456463
3.250000 0.650000 783.990872
3.900000 0.603125 880.000000
4.504167 0.650000 987.766603
5.154167 0.345833 1046.502261
5.850000 0.695833 1046.502261
6.546875 0.604167 987.766603
7.151042 0.695833 880.000000
7.847917 0.603125 783.990872
8.451042 0.696875 698.456463
9.148958 0.635417 659.255114
9.784375 0.663542 587.329536
10.448958 0.505208 523.251131
@track 2 Pista 2
