# path F-scale-FMaj-060BPM-ten-lined.mid
@resolution 960
@format "#o #d #p"
@track 1 Pista 1
1.027083 0.881250 349.228231
1.909375 0.928125 391.995436
2.837500 0.975000 440.000000
3.813542 0.975000 466.163762
4.788542 0.975000 523.251131
5.763542 0.928125 587.329536
6.692708 1.108333 659.255114
7.802083 0.666667 698.456463
8.921875 1.021875 698.456463
9.943750 0.927083 659.255114
10.871875 0.928125 587.329536
11.801042 0.975000 523.251131
12.776042 1.021875 466.163762
13.797917 1.021875 440.000000
14.819792 1.068750 391.995436
15.888542 0.840625 349.228231
@track 2 Pista 2
