# path scale-fill-treble1-60BPM-ten-lined.mid
@resolution 960
@format "#o #d #p"
@track 1 Pista 1
0.417708 0.904167 932.327523
1.346875 1.020833 1108.730524
2.367708 0.928125 1318.510228
3.296875 0.939583 1396.912926
4.318750 0.931250 1479.977691
5.340625 1.010417 1567.981744
6.508333 0.595833 1661.218790
8.498958 1.080208 1661.218790
9.579167 0.961458 1567.981744
10.541667 0.975000 1479.977691
11.516667 0.975000 1396.912926
12.491667 0.889583 1318.510228
13.467708 0.892708 1108.730524
14.450000 0.550000 932.327523
@track 2 Pista 2
