# path scale-fill-treble1-90BPM-leg-lined.mid
@resolution 960
@format "#o #d #p"
@track 1 Pista 1
0.556250 0.696875 932.327523
1.253125 0.695833 1108.730524
1.950000 0.603125 1318.510228
2.553125 0.650000 1396.912926
3.203125 0.603125 1479.977691
3.807292 0.789583 1567.981744
4.597917 0.411458 1661.218790
5.943750 0.650000 1661.218790
6.593750 0.650000 1567.981744
7.244792 0.650000 1479.977691
7.894792 0.658333 1396.912926
8.553125 0.640625 1244.507935
9.194792 0.696875 1108.730524
9.891667 0.528125 932.327523
@track 2 Pista 2
