# path scale-GMaj-120BPM-leg-lined.mid
@resolution 960
@format "#o #d #p"
@track 1 Pista 1
0.742708 0.510417 391.995436
1.253125 0.510417 440.000000
1.764583 0.510417 493.883301
2.275000 0.509375 523.251131
2.785417 0.510417 587.329536
3.296875 0.557292 659.255114
3.854167 0.509375 739.988845
4.364583 0.211458 783.990872
4.875000 0.556250 783.990872
5.432292 0.557292 739.988845
5.990625 0.510417 659.255114
6.501042 0.407292 587.329536
6.909375 0.464583 523.251131
7.375000 0.565625 493.883301
7.940625 0.464583 440.000000
8.405208 0.428125 391.995436
@track 2 Pista 2
