# path scale-fill-treble1-120BPM-leg-lined.mid
@resolution 960
@format "#o #d #p"
@track 1 Pista 1
0.650000 0.510417 932.327523
1.160417 0.510417 1108.730524
1.671875 0.441667 1318.510228
2.113542 0.507292 1396.912926
2.621875 0.442708 1479.977691
3.064583 0.603125 1567.981744
3.668750 0.254167 1661.218790
4.643750 0.556250 1661.218790
5.200000 0.464583 1567.981744
5.665625 0.510417 1479.977691
6.176042 0.463542 1396.912926
6.640625 0.554167 1318.510228
7.195833 0.512500 1108.730524
7.708333 0.416667 932.327523
@track 2 Pista 2
