# path scale-AbMaj-120BPM-stac-lined.mid
@resolution 960
@format "#o #d #p"
@track 1 Pista 1
0.742708 0.407292 415.304698
1.253125 0.406250 466.163762
1.764583 0.334375 523.251131
2.275000 0.242708 554.365262
2.785417 0.221875 622.253967
3.296875 0.203125 698.456463
3.761458 0.077083 391.995436
3.839583 0.160417 783.990872
4.225000 0.202083 830.609395
4.736458 0.226042 830.609395
5.200000 0.222917 783.990872
5.711458 0.209375 698.456463
6.222917 0.180208 622.253967
6.640625 0.221875 554.365262
7.151042 0.211458 523.251131
7.662500 0.245833 466.163762
8.172917 0.215625 415.304698
@track 2 Pista 2
