# path scale-fill-treble1-90BPM-stac-lined.mid
@resolution 960
@format "#o #d #p"
@track 1 Pista 1
0.556250 0.180208 932.327523
1.206250 0.152083 1108.730524
1.857292 0.164583 1318.510228
2.507292 0.201042 1396.912926
3.203125 0.176042 1479.977691
3.854167 0.167708 1567.981744
4.457292 0.189583 1661.218790
5.850000 0.182292 1661.218790
6.501042 0.203125 1567.981744
7.197917 0.170833 1479.977691
7.801042 0.198958 1396.912926
8.498958 0.164583 1318.510228
9.148958 0.157292 1108.730524
9.844792 0.176042 932.327523
@track 2 Pista 2
