# path scale-CMaj-060BPM-ten-lined.mid
@resolution 960
@format "#o #d #p"
@track 1 Pista 1
0.696875 0.944792 523.251131
1.717708 0.863542 587.329536
2.646875 0.975000 659.255114
3.621875 1.021875 698.456463
4.643750 1.021875 783.990872
5.665625 0.927083 880.000000
6.593750 1.021875 987.766603
7.615625 0.623958 1046.502261
8.915625 0.869792 1046.502261
9.785417 0.894792 987.766603
10.680208 0.882292 880.000000
11.563542 0.927083 783.990872
12.491667 0.777083 698.456463
13.420833 0.514583 659.255114
14.302083 0.975000 587.329536
15.278125 0.877083 523.251131
@track 2 Pista 2
