# path scale-AbMaj-120BPM-ten-lined.mid
@resolution 960
@format "#o #d #p"
@track 1 Pista 1
0.278125 0.463542 415.304698
0.742708 0.510417 466.163762
1.253125 0.510417 523.251131
1.764583 0.431250 554.365262
2.275000 0.463542 622.253967
2.739583 0.489583 698.456463
3.296875 0.510417 783.990872
3.807292 0.246875 830.609395
4.271875 0.502083 830.609395
4.834375 0.433333 783.990872
5.331250 0.446875 698.456463
5.850000 0.413542 622.253967
6.315625 0.434375 554.365262
6.826042 0.423958 523.251131
7.290625 0.510417 466.163762
7.801042 0.376042 415.304698
@track 2 Pista 2
