# path scale-chromatic-8octaves-ten-lined.mid
@resolution 960
@format "#o #d #p"
@track 1 Pista 1
0.881250 0.828125 261.625565
1.810417 0.811458 523.251131
2.739583 0.846875 277.182631
3.621875 0.878125 554.365262
4.643750 0.881250 293.664768
5.525000 0.823958 587.329536
6.454167 0.795833 311.126984
7.337500 0.565625 622.253967
8.265625 0.748958 329.627557
9.055208 0.767708 659.255114
9.891667 0.794792 349.228231
10.773958 0.766667 698.456463
11.655208 0.835417 369.994423
12.491667 0.776042 739.988845
13.327083 0.882292 391.995436
14.210417 0.430208 783.990872
15.138542 0.783333 415.304698
16.021875 0.752083 830.609395
16.857292 0.788542 440.000000
17.646875 0.717708 880.000000
18.436458 0.788542 466.163762
19.225000 0.735417 932.327523
20.015625 0.835417 523.251131
20.851042 0.587500 1046.502261
23.869792 0.776042 1046.502261
24.705208 0.773958 523.251131
25.541667 0.767708 932.327523
26.423958 0.791667 466.163762
27.341667 0.726042 880.000000
28.142708 0.750000 440.000000
28.975000 0.775000 830.609395
29.813542 0.543750 415.304698
30.696875 0.803125 783.990872
31.578125 0.822917 391.995436
32.401042 0.806250 739.988845
33.296875 0.777083 369.994423
34.131250 0.821875 698.456463
35.061458 0.420833 349.228231
35.990625 0.759375 659.255114
36.872917 0.708333 329.627557
37.662500 0.771875 622.253967
38.544792 0.555208 311.126984
39.380208 0.792708 587.329536
40.262500 0.773958 293.664768
41.238542 0.747917 554.365262
42.120833 0.659375 277.182631
42.863542 0.763542 523.251131
43.792708 0.646875 261.625565
@track 2 Pista 2
