# path scale-FMaj-120BPM-ten-lined.mid
@resolution 960
@format "#o #d #p"
@track 1 Pista 1
1.023958 0.454167 349.228231
1.534375 0.463542 391.995436
1.998958 0.510417 440.000000
2.509375 0.464583 466.163762
2.975000 0.509375 523.251131
3.484375 0.464583 587.329536
3.950000 0.463542 659.255114
4.413542 0.464583 698.456463
4.879167 0.509375 659.255114
5.388542 0.417708 587.329536
5.806250 0.464583 523.251131
6.271875 0.463542 466.163762
6.735417 0.463542 440.000000
7.200000 0.523958 391.995436
7.723958 0.668750 349.228231
@track 2 Pista 2
