# path scale-AbMaj-090BPM-stac-lined.mid
@resolution 960
@format "#o #d #p"
@track 1 Pista 1
0.696875 0.347917 415.304698
1.346875 0.270833 466.163762
1.950000 0.300000 523.251131
2.600000 0.215625 554.365262
3.250000 0.202083 622.253967
3.900000 0.230208 698.456463
4.504167 0.245833 783.990872
5.200000 0.168750 830.609395
5.897917 0.182292 830.609395
6.547917 0.150000 783.990872
7.151042 0.176042 698.456463
7.801042 0.185417 622.253967
8.405208 0.191667 554.365262
9.101042 0.173958 523.251131
9.751042 0.218750 466.163762
10.402083 0.250000 415.304698
@track 2 Pista 2
