# path scale-fill-treble1-120BPM-stac-lined.mid
@resolution 960
@format "#o #d #p"
@track 1 Pista 1
0.371875 0.179167 932.327523
0.881250 0.155208 1108.730524
1.346875 0.138542 1318.510228
1.810417 0.181250 1396.912926
2.321875 0.198958 1479.977691
2.785417 0.188542 1567.981744
3.296875 0.186458 1661.218790
4.364583 0.178125 1661.218790
4.829167 0.170833 1567.981744
5.340625 0.177083 1479.977691
5.804167 0.167708 1396.912926
6.315625 0.177083 1318.510228
6.826042 0.126042 1108.730524
7.337500 0.162500 932.327523
@track 2 Pista 2
