# path scale-EMaj-090BPM-stac-lined.mid
@resolution 960
@format "#o #d #p"
@track 1 Pista 1
1.253125 0.391667 329.627557
1.903125 0.336458 369.994423
2.553125 0.321875 415.304698
3.157292 0.291667 440.000000
3.807292 0.227083 493.883301
4.457292 0.220833 554.365262
5.154167 0.210417 622.253967
5.758333 0.226042 659.255114
6.454167 0.214583 659.255114
7.104167 0.227083 622.253967
7.754167 0.221875 554.365262
8.405208 0.232292 493.883301
9.101042 0.240625 440.000000
9.751042 0.239583 415.304698
10.402083 0.275000 369.994423
11.098958 0.262500 329.627557
@track 2 Pista 2
