# path scale-GMaj-090BPM-leg-lined.mid
@resolution 960
@format "#o #d #p"
@track 1 Pista 1
0.650000 0.696875 391.995436
1.346875 0.602083 440.000000
1.950000 0.634375 493.883301
2.584375 0.665625 523.251131
3.250000 0.603125 587.329536
3.854167 0.650000 659.255114
4.504167 0.696875 739.988845
5.201042 0.311458 783.990872
5.897917 0.693750 783.990872
6.591667 0.652083 739.988845
7.244792 0.650000 659.255114
7.894792 0.603125 587.329536
8.498958 0.742708 523.251131
9.241667 0.695833 493.883301
9.937500 0.650000 440.000000
10.587500 0.480208 391.995436
@track 2 Pista 2
