# path scale-AbMaj-060BPM-leg-lined.mid
@resolution 960
@format "#o #d #p"
@track 1 Pista 1
0.928125 0.881250 415.304698
1.810417 0.835417 466.163762
2.646875 0.742708 523.251131
3.389583 0.835417 554.365262
4.225000 0.835417 622.253967
5.061458 0.788542 698.456463
5.850000 0.917708 783.990872
6.768750 0.402083 830.609395
7.754167 0.830208 830.609395
8.585417 1.015625 783.990872
9.601042 0.985417 698.456463
10.587500 0.928125 622.253967
11.516667 0.917708 554.365262
12.434375 0.985417 523.251131
13.420833 1.067708 466.163762
14.488542 0.588542 415.304698
@track 2 Pista 2
