# path scale-CMaj-120BPM-leg-lined.mid
@resolution 960
@format "#o #d #p"
@track 1 Pista 1
0.510417 0.556250 523.251131
1.067708 0.417708 587.329536
1.485417 0.463542 659.255114
1.950000 0.412500 698.456463
2.362500 0.515625 783.990872
2.878125 0.462500 880.000000
3.341667 0.465625 987.766603
3.807292 0.556250 1046.502261
4.364583 0.464583 1046.502261
4.829167 0.463542 987.766603
5.293750 0.556250 880.000000
5.850000 0.510417 783.990872
6.361458 0.510417 698.456463
6.872917 0.510417 659.255114
7.383333 0.510417 587.329536
7.894792 0.709375 523.251131
@track 2 Pista 2
