# path scale-chromatic-ten-lined.mid
@resolution 960
@format "#o #d #p"
@track 1 Pista 1
0.556250 0.787500 261.625565
1.439583 0.927083 277.182631
2.367708 1.021875 293.664768
3.389583 0.975000 311.126984
4.364583 1.114583 329.627557
5.479167 0.903125 349.228231
6.454167 1.021875 369.994423
7.476042 0.975000 391.995436
8.451042 1.002083 415.304698
9.519792 0.551042 440.000000
10.541667 0.913542 466.163762
11.516667 0.928125 493.883301
12.445833 1.021875 523.251131
13.467708 0.975000 554.365262
14.442708 1.020833 587.329536
15.463542 0.392708 622.253967
16.485417 1.021875 659.255114
17.507292 0.975000 698.456463
18.482292 0.975000 739.988845
19.457292 0.883333 783.990872
20.341667 0.973958 830.609395
21.315625 0.809375 880.000000
22.429167 0.965625 932.327523
23.395833 1.077083 987.766603
24.473958 0.853125 1046.502261
26.934375 1.021875 1046.502261
27.956250 1.021875 987.766603
28.978125 0.975000 932.327523
29.953125 1.009375 880.000000
30.963542 1.032292 830.609395
31.996875 0.975000 783.990872
32.971875 1.021875 739.988845
33.993750 0.975000 698.456463
34.968750 1.067708 659.255114
36.036458 0.529167 622.253967
37.012500 1.020833 587.329536
38.033333 0.882292 554.365262
38.916667 1.020833 523.251131
39.937500 1.021875 493.883301
40.959375 0.975000 466.163762
41.934375 0.503125 440.000000
43.050000 1.020833 415.304698
44.070833 1.068750 391.995436
45.139583 0.970833 369.994423
46.110417 0.932292 349.228231
47.043750 1.020833 329.627557
48.064583 0.568750 311.126984
49.225000 0.959375 293.664768
50.247917 0.830208 277.182631
51.222917 0.862500 261.625565
@track 2 Pista 2
