# path scale-AbMaj-090BPM-leg-lined.mid
@resolution 960
@format "#o #d #p"
@track 1 Pista 1
0.928125 0.650000 415.304698
1.578125 0.650000 466.163762
2.228125 0.641667 523.251131
2.870833 0.657292 554.365262
3.528125 0.696875 622.253967
4.225000 0.650000 698.456463
4.875000 0.638542 783.990872
5.514583 0.322917 830.609395
6.268750 0.694792 830.609395
6.963542 0.605208 783.990872
7.569792 0.610417 698.456463
8.180208 0.595833 622.253967
8.776042 0.696875 554.365262
9.473958 0.695833 523.251131
10.169792 0.696875 466.163762
10.866667 0.471875 415.304698
@track 2 Pista 2
