# path scale-GMaj-120BPM-ten-lined.mid
@resolution 960
@format "#o #d #p"
@track 1 Pista 1
0.603125 0.510417 391.995436
1.114583 0.509375 440.000000
1.625000 0.432292 493.883301
2.089583 0.433333 523.251131
2.600000 0.463542 587.329536
3.064583 0.435417 659.255114
3.575000 0.410417 739.988845
4.039583 0.421875 783.990872
4.550000 0.510417 783.990872
5.061458 0.416667 739.988845
5.572917 0.463542 659.255114
6.036458 0.428125 587.329536
6.501042 0.509375 523.251131
7.011458 0.510417 493.883301
7.522917 0.464583 440.000000
8.080208 0.342708 391.995436
@track 2 Pista 2
