# path scale-CMaj-060BPM-stac-lined.mid
@resolution 960
@format "#o #d #p"
@track 1 Pista 1
0.829167 0.235417 523.251131
1.758333 0.277083 587.329536
2.687500 0.312500 659.255114
3.662500 0.281250 698.456463
4.591667 0.291667 783.990872
5.612500 0.270833 880.000000
6.634375 0.259375 987.766603
7.656250 0.262500 1046.502261
8.677083 0.241667 1046.502261
9.653125 0.223958 987.766603
10.628125 0.251042 880.000000
11.648958 0.238542 783.990872
12.578125 0.252083 698.456463
13.553125 0.236458 659.255114
14.575000 0.240625 587.329536
15.596875 0.244792 523.251131
@track 2 Pista 2
