# path scale-GMaj-090BPM-ten-lined.mid
@resolution 960
@format "#o #d #p"
@track 1 Pista 1
0.788542 0.696875 391.995436
1.485417 0.650000 440.000000
2.135417 0.696875 493.883301
2.832292 0.650000 523.251131
3.482292 0.696875 587.329536
4.179167 0.650000 659.255114
4.829167 0.695833 739.988845
5.525000 0.316667 783.990872
6.176042 0.695833 783.990872
6.872917 0.614583 739.988845
7.569792 0.657292 659.255114
8.227083 0.641667 587.329536
8.869792 0.696875 523.251131
9.566667 0.650000 493.883301
10.216667 0.637500 440.000000
10.912500 0.291667 391.995436
@track 2 Pista 2
