# path scale-chromatic-8octaves-stac-lined.mid
@resolution 960
@format "#o #d #p"
@track 1 Pista 1
1.067708 0.284375 261.625565
1.625000 0.246875 523.251131
2.321875 0.353125 277.182631
3.018750 0.211458 554.365262
3.714583 0.271875 293.664768
4.364583 0.223958 587.329536
5.015625 0.300000 311.126984
5.618750 0.202083 622.253967
6.361458 0.269792 329.627557
6.965625 0.213542 659.255114
7.615625 0.191667 349.228231
8.219792 0.229167 698.456463
8.869792 0.276042 369.994423
9.519792 0.195833 739.988845
10.169792 0.271875 391.995436
10.727083 0.272917 783.990872
11.423958 0.242708 415.304698
11.980208 0.216667 830.609395
12.631250 0.203125 440.000000
13.234375 0.229167 880.000000
13.792708 0.269792 466.163762
14.395833 0.237500 932.327523
15.000000 0.237500 523.251131
15.603125 0.225000 1046.502261
17.321875 0.211458 1046.502261
17.878125 0.207292 523.251131
18.436458 0.204167 932.327523
18.993750 0.226042 466.163762
19.504167 0.245833 880.000000
20.107292 0.213542 440.000000
20.665625 0.196875 830.609395
21.268750 0.243750 415.304698
21.826042 0.190625 783.990872
22.383333 0.240625 391.995436
22.940625 0.201042 739.988845
23.451042 0.267708 369.994423
24.008333 0.233333 698.456463
24.566667 0.213542 349.228231
25.123958 0.187500 659.255114
25.680208 0.194792 329.627557
26.238542 0.190625 622.253967
26.795833 0.247917 311.126984
27.306250 0.212500 587.329536
27.909375 0.246875 293.664768
28.467708 0.228125 554.365262
29.163542 0.171875 277.182631
29.628125 0.205208 523.251131
30.325000 0.368750 261.625565
@track 2 Pista 2
