# path scale-AbMaj-090BPM-ten-lined.mid
@resolution 960
@format "#o #d #p"
@track 1 Pista 1
0.417708 0.650000 415.304698
1.067708 0.650000 466.163762
1.717708 0.650000 523.251131
2.367708 0.650000 554.365262
3.018750 0.650000 622.253967
3.668750 0.602083 698.456463
4.271875 0.706250 783.990872
4.978125 0.302083 830.609395
5.618750 0.381250 830.609395
6.308333 0.621875 783.990872
6.930208 0.600000 698.456463
7.530208 0.688542 622.253967
8.219792 0.732292 554.365262
8.952083 0.706250 523.251131
9.659375 0.695833 466.163762
10.355208 0.363542 415.304698
@track 2 Pista 2
