# path scale-CMaj-090BPM-stac-lined.mid
@resolution 960
@format "#o #d #p"
@track 1 Pista 1
0.556250 0.288542 523.251131
1.206250 0.265625 587.329536
1.903125 0.222917 659.255114
2.460417 0.289583 698.456463
3.064583 0.257292 783.990872
3.714583 0.245833 880.000000
4.364583 0.277083 987.766603
5.061458 0.222917 1046.502261
5.758333 0.250000 1046.502261
6.408333 0.226042 987.766603
7.058333 0.218750 880.000000
7.708333 0.264583 783.990872
8.358333 0.264583 698.456463
9.008333 0.254167 659.255114
9.705208 0.270833 587.329536
10.402083 0.234375 523.251131
@track 2 Pista 2
