# path scale-CMaj-090BPM-leg-lined.mid
@resolution 960
@format "#o #d #p"
@track 1 Pista 1
0.603125 0.742708 523.251131
1.346875 0.556250 587.329536
1.903125 0.603125 659.255114
2.507292 0.650000 698.456463
3.157292 0.650000 783.990872
3.807292 0.642708 880.000000
4.450000 0.703125 987.766603
5.154167 0.285417 1046.502261
5.758333 0.686458 1046.502261
6.445833 0.751042 987.766603
7.197917 0.653125 880.000000
7.851042 0.646875 783.990872
8.498958 0.704167 698.456463
9.203125 0.686458 659.255114
9.890625 0.690625 587.329536
10.634375 0.483333 523.251131
@track 2 Pista 2
