# path scale-CMaj-120BPM-ten-lined.mid
@resolution 960
@format "#o #d #p"
@track 1 Pista 1
0.463542 0.510417 523.251131
0.975000 0.510417 587.329536
1.485417 0.510417 659.255114
1.996875 0.510417 698.456463
2.507292 0.556250 783.990872
3.064583 0.463542 880.000000
3.528125 0.510417 987.766603
4.039583 0.510417 1046.502261
4.550000 0.556250 1046.502261
5.107292 0.464583 987.766603
5.572917 0.510417 880.000000
6.083333 0.509375 783.990872
6.593750 0.466667 698.456463
7.060417 0.601042 659.255114
7.662500 0.556250 587.329536
8.219792 0.336458 523.251131
@track 2 Pista 2
