# path scale-FMaj-120BPM-stac-lined.mid
@resolution 960
@format "#o #d #p"
@track 1 Pista 1
1.001042 0.230208 349.228231
1.464583 0.252083 391.995436
1.929167 0.272917 440.000000
2.439583 0.245833 466.163762
2.904167 0.281250 523.251131
3.322917 0.288542 587.329536
3.786458 0.300000 659.255114
4.251042 0.234375 698.456463
4.715625 0.270833 659.255114
5.133333 0.257292 587.329536
5.597917 0.273958 523.251131
6.015625 0.292708 466.163762
6.433333 0.316667 440.000000
6.944792 0.233333 391.995436
7.408333 0.376042 349.228231
@track 2 Pista 2
