# path scale-FMaj-120BPM-leg-lined.mid
@resolution 960
@format "#o #d #p"
@track 1 Pista 1
1.011458 0.417708 349.228231
1.429167 0.509375 391.995436
1.939583 0.450000 440.000000
2.389583 0.432292 466.163762
2.821875 0.463542 523.251131
3.286458 0.417708 587.329536
3.704167 0.556250 659.255114
4.261458 0.210417 698.456463
4.771875 0.510417 698.456463
5.283333 0.464583 659.255114
5.747917 0.463542 587.329536
6.212500 0.463542 523.251131
6.676042 0.464583 466.163762
7.140625 0.510417 440.000000
7.652083 0.509375 391.995436
8.162500 0.677083 349.228231
@track 2 Pista 2
