# path scale-chromatic-stac-lined.mid
@resolution 960
@format "#o #d #p"
@track 1 Pista 1
0.650000 0.252083 261.625565
1.485417 0.286458 277.182631
2.414583 0.189583 293.664768
3.575000 0.322917 311.126984
4.550000 0.323958 329.627557
5.665625 0.225000 349.228231
6.593750 0.341667 369.994423
7.569792 0.290625 391.995436
8.544792 0.315625 415.304698
9.566667 0.239583 440.000000
10.494792 0.296875 466.163762
11.423958 0.252083 493.883301
12.306250 0.227083 523.251131
13.327083 0.218750 554.365262
14.350000 0.254167 587.329536
15.371875 0.206250 622.253967
16.392708 0.258333 659.255114
17.414583 0.230208 698.456463
18.435417 0.230208 739.988845
19.411458 0.201042 783.990872
20.525000 0.140625 830.609395
21.454167 0.205208 880.000000
22.383333 0.202083 932.327523
23.312500 0.205208 987.766603
24.241667 0.195833 1046.502261
28.375000 0.210417 1046.502261
29.350000 0.212500 987.766603
30.278125 0.172917 932.327523
31.160417 0.195833 880.000000
32.043750 0.198958 830.609395
32.971875 0.164583 783.990872
33.854167 0.153125 739.988845
34.690625 0.205208 698.456463
35.618750 0.139583 659.255114
36.454167 0.122917 622.253967
37.290625 0.197917 587.329536
38.544792 0.169792 554.365262
39.426042 0.218750 523.251131
40.309375 0.168750 493.883301
41.145833 0.208333 466.163762
41.981250 0.226042 440.000000
42.863542 0.208333 415.304698
43.653125 0.234375 391.995436
44.488542 0.225000 369.994423
45.325000 0.264583 349.228231
46.160417 0.266667 329.627557
46.996875 0.287500 311.126984
47.879167 0.341667 293.664768
48.854167 0.359375 277.182631
49.829167 0.323958 261.625565
@track 2 Pista 2
