# path scale-GMaj-060BPM-stac-lined.mid
@resolution 960
@format "#o #d #p"
@track 1 Pista 1
1.021875 0.266667 391.995436
1.950000 0.257292 440.000000
2.785417 0.242708 493.883301
3.761458 0.219792 523.251131
4.829167 0.240625 587.329536
5.943750 0.193750 659.255114
6.965625 0.222917 739.988845
7.987500 0.062500 391.995436
8.052083 0.144792 783.990872
8.962500 0.209375 783.990872
9.984375 0.102083 369.994423
10.088542 0.090625 739.988845
10.912500 0.196875 659.255114
11.795833 0.239583 587.329536
12.863542 0.172917 523.251131
13.838542 0.201042 493.883301
14.860417 0.233333 440.000000
15.881250 0.236458 391.995436
@track 2 Pista 2
