# path F-scale-FMaj-060BPM-stac-lined.mid
@resolution 960
@format "#o #d #p"
@track 1 Pista 1
1.056250 0.443750 349.228231
1.985417 0.479167 391.995436
2.913542 0.511458 440.000000
3.842708 0.573958 466.163762
4.770833 0.460417 523.251131
5.654167 0.595833 587.329536
6.582292 0.510417 659.255114
7.511458 0.488542 698.456463
8.439583 0.498958 659.255114
9.508333 0.543750 587.329536
10.622917 0.639583 523.251131
11.690625 0.619792 466.163762
12.759375 0.594792 440.000000
13.827083 0.664583 391.995436
14.988542 0.732292 349.228231
@track 2 Pista 2
