# path scale-FMaj-090BPM-leg-lined.mid
@resolution 960
@format "#o #d #p"
@track 1 Pista 1
1.116667 0.602083 349.228231
1.719792 0.650000 391.995436
2.369792 0.555208 440.000000
2.926042 0.604167 466.163762
3.530208 0.603125 523.251131
4.134375 0.603125 587.329536
4.738542 0.786458 659.255114
5.526042 0.262500 698.456463
6.270833 0.650000 698.456463
6.921875 0.650000 659.255114
7.571875 0.650000 587.329536
8.221875 0.650000 523.251131
8.871875 0.603125 466.163762
9.476042 0.695833 440.000000
10.171875 0.696875 391.995436
10.868750 0.579167 349.228231
@track 2 Pista 2
