# path scale-EMaj-090BPM-ten-lined.mid
@resolution 960
@format "#o #d #p"
@track 1 Pista 1
0.510417 0.617708 329.627557
1.160417 0.696875 369.994423
1.857292 0.650000 415.304698
2.507292 0.650000 440.000000
3.157292 0.742708 493.883301
3.900000 0.696875 554.365262
4.597917 0.742708 622.253967
5.340625 0.322917 659.255114
5.943750 0.696875 659.255114
6.640625 0.650000 622.253967
7.290625 0.603125 554.365262
7.894792 0.695833 493.883301
8.590625 0.696875 440.000000
9.287500 0.603125 415.304698
9.891667 0.625000 369.994423
10.634375 0.492708 329.627557
@track 2 Pista 2
