# path scale-CMaj-120BPM-stac-lined.mid
@resolution 960
@format "#o #d #p"
@track 1 Pista 1
0.603125 0.296875 523.251131
1.067708 0.271875 587.329536
1.625000 0.240625 659.255114
2.089583 0.289583 698.456463
2.600000 0.236458 783.990872
3.064583 0.263542 880.000000
3.575000 0.213542 987.766603
4.039583 0.217708 1046.502261
4.550000 0.240625 1046.502261
5.015625 0.227083 987.766603
5.525000 0.246875 880.000000
5.990625 0.225000 783.990872
6.501042 0.223958 698.456463
6.919792 0.229167 659.255114
7.476042 0.211458 587.329536
7.940625 0.228125 523.251131
@track 2 Pista 2
