# path scale-GMaj-060BPM-ten-lined.mid
@resolution 960
@format "#o #d #p"
@track 1 Pista 1
0.603125 0.928125 391.995436
1.532292 0.881250 440.000000
2.414583 1.021875 493.883301
3.436458 1.067708 523.251131
4.504167 1.020833 587.329536
5.525000 0.910417 659.255114
6.547917 1.021875 739.988845
7.569792 0.498958 783.990872
8.590625 0.975000 783.990872
9.566667 0.975000 739.988845
10.541667 0.928125 659.255114
11.470833 0.975000 587.329536
12.445833 1.068750 523.251131
13.514583 1.020833 493.883301
14.535417 0.964583 440.000000
15.603125 0.740625 391.995436
@track 2 Pista 2
