# path scale-EMaj-060BPM-stac-lined.mid
@resolution 960
@format "#o #d #p"
@track 1 Pista 1
1.021875 0.339583 329.627557
1.857292 0.351042 369.994423
2.785417 0.293750 415.304698
3.668750 0.258333 440.000000
4.643750 0.256250 493.883301
5.758333 0.194792 554.365262
6.686458 0.256250 622.253967
7.754167 0.182292 659.255114
8.869792 0.194792 659.255114
9.844792 0.219792 622.253967
10.866667 0.189583 554.365262
11.841667 0.189583 493.883301
12.770833 0.248958 440.000000
13.745833 0.216667 415.304698
14.767708 0.258333 369.994423
15.742708 0.236458 329.627557
@track 2 Pista 2
