# path scale-EMaj-120BPM-leg-lined.mid
@resolution 960
@format "#o #d #p"
@track 1 Pista 1
0.463542 0.510417 329.627557
0.975000 0.464583 369.994423
1.439583 0.463542 415.304698
1.903125 0.510417 440.000000
2.414583 0.417708 493.883301
2.832292 0.510417 554.365262
3.343750 0.553125 622.253967
3.897917 0.173958 659.255114
4.411458 0.463542 659.255114
4.875000 0.464583 622.253967
5.340625 0.556250 554.365262
5.897917 0.510417 493.883301
6.408333 0.556250 440.000000
6.965625 0.510417 415.304698
7.476042 0.556250 369.994423
8.033333 0.451042 329.627557
@track 2 Pista 2
