# path scale-GMaj-090BPM-stac-lined.mid
@resolution 960
@format "#o #d #p"
@track 1 Pista 1
0.975000 0.243750 391.995436
1.578125 0.251042 440.000000
2.275000 0.215625 493.883301
2.925000 0.236458 523.251131
3.621875 0.238542 587.329536
4.271875 0.211458 659.255114
4.922917 0.178125 739.988845
5.572917 0.141667 783.990872
6.222917 0.207292 783.990872
6.872917 0.196875 739.988845
7.569792 0.093750 329.627557
7.660417 0.128125 659.255114
8.358333 0.154167 587.329536
9.008333 0.213542 523.251131
9.659375 0.185417 493.883301
10.309375 0.202083 440.000000
11.052083 0.218750 391.995436
@track 2 Pista 2
