# path scale-EMaj-060BPM-ten-lined.mid
@resolution 960
@format "#o #d #p"
@track 1 Pista 1
0.325000 0.890625 329.627557
1.300000 1.021875 369.994423
2.321875 0.913542 415.304698
3.296875 0.975000 440.000000
4.318750 1.060417 493.883301
5.379167 0.886458 554.365262
6.315625 1.063542 622.253967
7.379167 0.557292 659.255114
8.451042 0.975000 659.255114
9.426042 0.975000 622.253967
10.402083 0.881250 554.365262
11.284375 0.928125 493.883301
12.213542 0.975000 440.000000
13.188542 0.927083 415.304698
14.116667 0.902083 369.994423
15.092708 0.792708 329.627557
@track 2 Pista 2
