# path scale-FMaj-060BPM-leg-lined.mid
@resolution 960
@format "#o #d #p"
@track 1 Pista 1
1.055208 0.742708 349.228231
1.797917 0.869792 391.995436
2.667708 0.945833 440.000000
3.613542 0.923958 466.163762
4.537500 1.067708 523.251131
5.606250 1.067708 587.329536
6.673958 1.032292 659.255114
7.707292 0.602083 698.456463
8.811458 0.975000 698.456463
9.786458 0.975000 659.255114
10.761458 0.975000 587.329536
11.736458 0.959375 523.251131
12.695833 1.026042 466.163762
13.722917 1.080208 440.000000
14.804167 1.108333 391.995436
15.912500 0.648958 349.228231
@track 2 Pista 2
